image_width: 640
image_height: 320
camera_name: narrow_stereo
camera_matrix:
  rows: 3
  cols: 3
  data: [794.075924, 0.000000, 338.845956, 0.000000, 793.967175, 276.396335, 0.000000, 0.000000, 1.000000]
distortion_model: plumb_bob
distortion_coefficients:
  rows: 1
  cols: 5
  data: [-0.406047, 0.223633, -0.003766, -0.005651, 0.000000]
rectification_matrix:
  rows: 3
  cols: 3
  data: [1.000000, 0.000000, 0.000000, 0.000000, 1.000000, 0.000000, 0.000000, 0.000000, 1.000000]
projection_matrix:
  rows: 3
  cols: 4
  data: [740.259338, 0.000000, 338.753062, 0.000000, 0.000000, 762.112671, 278.068289, 0.000000, 0.000000, 0.000000, 1.000000, 0.000000]
